<OBJECT>Exoplanet
<OBJECT-NAME>Earth
<OBJECT-DATE>2017/09/14 15:10
<OBJECT-DIAMETER>12742
<OBJECT-GRAVITY>5.51
<OBJECT-GRAVITY-UNIT>rho
<OBJECT-OBS-LONGITUDE>179.60
<OBJECT-STAR-DISTANCE>1.0058
<OBJECT-STAR-VELOCITY>-0.4526
<OBJECT-SOLAR-LONGITUDE>0.0
<OBJECT-SOLAR-LATITUDE>0.00
<OBJECT-STAR-TYPE>G
<OBJECT-STAR-TEMPERATURE>5777
<OBJECT-STAR-RADIUS>1.0
<OBJECT-OBS-LATITUDE>5.20
<OBJECT-OBS-VELOCITY>-98.740
<OBJECT-PERIOD>0.99975000
<OBJECT-STAR-METALLICITY>-0.15
<OBJECT-INCLINATION>84.8
<OBJECT-SEASON>180.0
<OBJECT-ORBIT>0.00000000,0.00000,368.18010003,0.00000,1.00580,0.000000
<OBJECT-POSITION-ANGLE>0.00
<GEOMETRY-USER-PARAM>35
<GEOMETRY-OBS-ALTITUDE>185.506
<GEOMETRY>Observatory
<GEOMETRY-OFFSET-NS>0.0
<GEOMETRY-OFFSET-EW>0.0
<GEOMETRY-OFFSET-UNIT>arcsec
<GEOMETRY-ALTITUDE-UNIT>pc
<GEOMETRY-STELLAR-TYPE>G
<GEOMETRY-STELLAR-TEMPERATURE>5777
<GEOMETRY-STELLAR-MAGNITUDE>0
<GEOMETRY-SOLAR-ANGLE>89.997
<GEOMETRY-OBS-ANGLE>48.121
<GEOMETRY-PLANET-FRACTION>1.000e+00
<GEOMETRY-STAR-DISTANCE>4.663275e-04
<GEOMETRY-STAR-FRACTION>0.000000e+00
<GEOMETRY-REF>User
<GEOMETRY-DISK-ANGLES>1
<GEOMETRY-ROTATION>-0.00,0.33
<GEOMETRY-BRDFSCALER>1.000
<GEOMETRY-AZIMUTH>0.000
<GEOMETRY-AZIMUTH>0.000
<ATMOSPHERE-DESCRIPTION>Earth at 4084 m, NASA/MERRA2 2017/09/14
<ATMOSPHERE-STRUCTURE>Equilibrium
<ATMOSPHERE-WEIGHT>28.97
<ATMOSPHERE-PRESSURE>5.8546e-01
<ATMOSPHERE-PUNIT>bar
<ATMOSPHERE-NGAS>7
<ATMOSPHERE-GAS>O2,N2,H2,CO2,H2O,CH4,NH3
<ATMOSPHERE-TYPE>HIT[7],HIT[22],HIT[45],HIT[2],HIT[1],HIT[6],HIT[11]
<ATMOSPHERE-ABUN>1,1,1,1,1,1,1
<ATMOSPHERE-UNIT>scl,scl,scl,scl,scl,scl,scl
<ATMOSPHERE-LAYERS-MOLECULES>O2,N2,H2,CO2,H2O,CH4,NH3
<ATMOSPHERE-LAYERS>50
<ATMOSPHERE-LAYER-1>5.8546e-01,2.7545e+02,0.8121215105056763,0.022806989029049873,0.0025340875145047903,1.3289949492900632e-05,0.01999226026237011,0.13940148055553436,0.003130426397547126
<ATMOSPHERE-LAYER-2>5.5724e-01,2.7336e+02,0.8121215105056763,0.022806989029049873,0.0025340875145047903,1.3289949492900632e-05,0.01999226026237011,0.13940148055553436,0.003130426397547126
<ATMOSPHERE-LAYER-3>5.2262e-01,2.7196e+02,0.8121215105056763,0.022806989029049873,0.0025340875145047903,1.3289949492900632e-05,0.01999226026237011,0.13940148055553436,0.003130426397547126
<ATMOSPHERE-LAYER-4>4.8795e-01,2.6800e+02,0.8121215105056763,0.022806989029049873,0.0025340875145047903,1.3289949492900632e-05,0.01999226026237011,0.13940148055553436,0.003130426397547126
<ATMOSPHERE-LAYER-5>4.5322e-01,2.6378e+02,0.8121215105056763,0.022806989029049873,0.0025340875145047903,1.3289949492900632e-05,0.01999226026237011,0.13940148055553436,0.003130426397547126
<ATMOSPHERE-LAYER-6>4.1842e-01,2.5981e+02,0.8121215105056763,0.022806989029049873,0.0025340875145047903,1.3289949492900632e-05,0.01999226026237011,0.13940148055553436,0.003130426397547126
<ATMOSPHERE-LAYER-7>3.8352e-01,2.5538e+02,0.8121215105056763,0.022806989029049873,0.0025340875145047903,1.3289949492900632e-05,0.01999226026237011,0.13940148055553436,0.003130426397547126
<ATMOSPHERE-LAYER-8>3.4851e-01,2.5008e+02,0.8121215105056763,0.022806989029049873,0.0025340875145047903,1.3289949492900632e-05,0.01999226026237011,0.13940148055553436,0.003130426397547126
<ATMOSPHERE-LAYER-9>3.0771e-01,2.4304e+02,0.8121215105056763,0.022806989029049873,0.0025340875145047903,1.3289949492900632e-05,0.01999226026237011,0.13940148055553436,0.003130426397547126
<ATMOSPHERE-LAYER-10>2.6385e-01,2.3461e+02,0.8121215105056763,0.022806989029049873,0.0025340875145047903,1.3289949492900632e-05,0.01999226026237011,0.13940148055553436,0.003130426397547126
<ATMOSPHERE-LAYER-11>2.2551e-01,2.2572e+02,0.8121215105056763,0.022806989029049873,0.0025340875145047903,1.3289949492900632e-05,0.01999226026237011,0.13940148055553436,0.003130426397547126
<ATMOSPHERE-LAYER-12>1.9234e-01,2.1743e+02,0.8121215105056763,0.022806989029049873,0.0025340875145047903,1.3289949492900632e-05,0.01999226026237011,0.13940148055553436,0.003130426397547126
<ATMOSPHERE-LAYER-13>1.6366e-01,2.1049e+02,0.8121215105056763,0.022806989029049873,0.0025340875145047903,1.3289949492900632e-05,0.01999226026237011,0.13940148055553436,0.003130426397547126
<ATMOSPHERE-LAYER-14>1.3912e-01,2.0601e+02,0.8121215105056763,0.022806989029049873,0.0025340875145047903,1.3289949492900632e-05,0.01999226026237011,0.13940148055553436,0.003130426397547126
<ATMOSPHERE-LAYER-15>1.1825e-01,2.0163e+02,0.8121215105056763,0.022806989029049873,0.0025340875145047903,1.3289949492900632e-05,0.01999226026237011,0.13940148055553436,0.003130426397547126
<ATMOSPHERE-LAYER-16>1.0051e-01,1.9860e+02,0.8121215105056763,0.022806989029049873,0.0025340875145047903,1.3289949492900632e-05,0.01999226026237011,0.13940148055553436,0.003130426397547126
<ATMOSPHERE-LAYER-17>8.5439e-02,1.9937e+02,0.8121215105056763,0.022806989029049873,0.0025340875145047903,1.3289949492900632e-05,0.01999226026237011,0.13940148055553436,0.003130426397547126
<ATMOSPHERE-LAYER-18>7.2558e-02,2.0046e+02,0.8121215105056763,0.022806989029049873,0.0025340875145047903,1.3289949492900632e-05,0.01999226026237011,0.13940148055553436,0.003130426397547126
<ATMOSPHERE-LAYER-19>6.1496e-02,2.0293e+02,0.8121215105056763,0.022806989029049873,0.0025340875145047903,1.3289949492900632e-05,0.01999226026237011,0.13940148055553436,0.003130426397547126
<ATMOSPHERE-LAYER-20>5.2016e-02,2.0718e+02,0.8121215105056763,0.022806989029049873,0.0025340875145047903,1.3289949492900632e-05,0.01999226026237011,0.13940148055553436,0.003130426397547126
<ATMOSPHERE-LAYER-21>4.3910e-02,2.1091e+02,0.8121215105056763,0.022806989029049873,0.0025340875145047903,1.3289949492900632e-05,0.01999226026237011,0.13940148055553436,0.003130426397547126
<ATMOSPHERE-LAYER-22>3.6993e-02,2.1351e+02,0.8121215105056763,0.022806989029049873,0.0025340875145047903,1.3289949492900632e-05,0.01999226026237011,0.13940148055553436,0.003130426397547126
<ATMOSPHERE-LAYER-23>3.1089e-02,2.1535e+02,0.8121215105056763,0.022806989029049873,0.0025340875145047903,1.3289949492900632e-05,0.01999226026237011,0.13940148055553436,0.003130426397547126
<ATMOSPHERE-LAYER-24>2.6049e-02,2.1756e+02,0.8121215105056763,0.022806989029049873,0.0025340875145047903,1.3289949492900632e-05,0.01999226026237011,0.13940148055553436,0.003130426397547126
<ATMOSPHERE-LAYER-25>2.1761e-02,2.2046e+02,0.8121215105056763,0.022806989029049873,0.0025340875145047903,1.3289949492900632e-05,0.01999226026237011,0.13940148055553436,0.003130426397547126
<ATMOSPHERE-LAYER-26>1.8124e-02,2.2321e+02,0.8121215105056763,0.022806989029049873,0.0025340875145047903,1.3289949492900632e-05,0.01999226026237011,0.13940148055553436,0.003130426397547126
<ATMOSPHERE-LAYER-27>1.5050e-02,2.2532e+02,0.8121215105056763,0.022806989029049873,0.0025340875145047903,1.3289949492900632e-05,0.01999226026237011,0.13940148055553436,0.003130426397547126
<ATMOSPHERE-LAYER-28>1.2460e-02,2.2764e+02,0.8121215105056763,0.022806989029049873,0.0025340875145047903,1.3289949492900632e-05,0.01999226026237011,0.13940148055553436,0.003130426397547126
<ATMOSPHERE-LAYER-29>1.0285e-02,2.2919e+02,0.8121215105056763,0.022806989029049873,0.0025340875145047903,1.3289949492900632e-05,0.01999226026237011,0.13940148055553436,0.003130426397547126
<ATMOSPHERE-LAYER-30>8.4564e-03,2.3079e+02,0.8121215105056763,0.022806989029049873,0.0025340875145047903,1.3289949492900632e-05,0.01999226026237011,0.13940148055553436,0.003130426397547126
<ATMOSPHERE-LAYER-31>6.9183e-03,2.3351e+02,0.8121215105056763,0.022806989029049873,0.0025340875145047903,1.3289949492900632e-05,0.01999226026237011,0.13940148055553436,0.003130426397547126
<ATMOSPHERE-LAYER-32>5.6318e-03,2.3572e+02,0.8121215105056763,0.022806989029049873,0.0025340875145047903,1.3289949492900632e-05,0.01999226026237011,0.13940148055553436,0.003130426397547126
<ATMOSPHERE-LAYER-33>4.5617e-03,2.3840e+02,0.8121215105056763,0.022806989029049873,0.0025340875145047903,1.3289949492900632e-05,0.01999226026237011,0.13940148055553436,0.003130426397547126
<ATMOSPHERE-LAYER-34>3.6765e-03,2.4106e+02,0.8121215105056763,0.022806989029049873,0.0025340875145047903,1.3289949492900632e-05,0.01999226026237011,0.13940148055553436,0.003130426397547126
<ATMOSPHERE-LAYER-35>2.9483e-03,2.4556e+02,0.8121215105056763,0.022806989029049873,0.0025340875145047903,1.3289949492900632e-05,0.01999226026237011,0.13940148055553436,0.003130426397547126
<ATMOSPHERE-LAYER-36>2.3526e-03,2.5222e+02,0.8121215105056763,0.022806989029049873,0.0025340875145047903,1.3289949492900632e-05,0.01999226026237011,0.13940148055553436,0.003130426397547126
<ATMOSPHERE-LAYER-37>1.8679e-03,2.5638e+02,0.8121215105056763,0.022806989029049873,0.0025340875145047903,1.3289949492900632e-05,0.01999226026237011,0.13940148055553436,0.003130426397547126
<ATMOSPHERE-LAYER-38>1.4757e-03,2.6044e+02,0.8121215105056763,0.022806989029049873,0.0025340875145047903,1.3289949492900632e-05,0.01999226026237011,0.13940148055553436,0.003130426397547126
<ATMOSPHERE-LAYER-39>1.1600e-03,2.6377e+02,0.8121215105056763,0.022806989029049873,0.0025340875145047903,1.3289949492900632e-05,0.01999226026237011,0.13940148055553436,0.003130426397547126
<ATMOSPHERE-LAYER-40>9.0729e-04,2.6308e+02,0.8121215105056763,0.022806989029049873,0.0025340875145047903,1.3289949492900632e-05,0.01999226026237011,0.13940148055553436,0.003130426397547126
<ATMOSPHERE-LAYER-41>7.0596e-04,2.6102e+02,0.8121215105056763,0.022806989029049873,0.0025340875145047903,1.3289949492900632e-05,0.01999226026237011,0.13940148055553436,0.003130426397547126
<ATMOSPHERE-LAYER-42>5.4629e-04,2.5765e+02,0.8121215105056763,0.022806989029049873,0.0025340875145047903,1.3289949492900632e-05,0.01999226026237011,0.13940148055553436,0.003130426397547126
<ATMOSPHERE-LAYER-43>4.2042e-04,2.5347e+02,0.8121215105056763,0.022806989029049873,0.0025340875145047903,1.3289949492900632e-05,0.01999226026237011,0.13940148055553436,0.003130426397547126
<ATMOSPHERE-LAYER-44>3.2178e-04,2.4955e+02,0.8121215105056763,0.022806989029049873,0.0025340875145047903,1.3289949492900632e-05,0.01999226026237011,0.13940148055553436,0.003130426397547126
<ATMOSPHERE-LAYER-45>2.4494e-04,2.4631e+02,0.8121215105056763,0.022806989029049873,0.0025340875145047903,1.3289949492900632e-05,0.01999226026237011,0.13940148055553436,0.003130426397547126
<ATMOSPHERE-LAYER-46>1.8542e-04,2.4240e+02,0.8121215105056763,0.022806989029049873,0.0025340875145047903,1.3289949492900632e-05,0.01999226026237011,0.13940148055553436,0.003130426397547126
<ATMOSPHERE-LAYER-47>1.3960e-04,2.3617e+02,0.8121215105056763,0.022806989029049873,0.0025340875145047903,1.3289949492900632e-05,0.01999226026237011,0.13940148055553436,0.003130426397547126
<ATMOSPHERE-LAYER-48>1.0452e-04,2.2612e+02,0.8121215105056763,0.022806989029049873,0.0025340875145047903,1.3289949492900632e-05,0.01999226026237011,0.13940148055553436,0.003130426397547126
<ATMOSPHERE-LAYER-49>7.7673e-05,2.1763e+02,0.8121215105056763,0.022806989029049873,0.0025340875145047903,1.3289949492900632e-05,0.01999226026237011,0.13940148055553436,0.003130426397547126
<ATMOSPHERE-LAYER-50>5.6793e-05,2.0897e+02,0.8121215105056763,0.022806989029049873,0.0025340875145047903,1.3289949492900632e-05,0.01999226026237011,0.13940148055553436,0.003130426397547126
<ATMOSPHERE-TEMPERATURE>100
<ATMOSPHERE-TAU>1,1,1,1,1,1,1,1
<ATMOSPHERE-NAERO>0
<ATMOSPHERE-NMAX>0
<ATMOSPHERE-LMAX>0
<SURFACE-TEMPERATURE>275.45
<SURFACE-ALBEDO>0.30
<SURFACE-EMISSIVITY>0.70
<SURFACE-GAS-RATIO>1.0
<SURFACE-GAS-UNIT>ratio
<SURFACE-NSURF>0
<SURFACE-MODEL>Lambert
<GENERATOR-INSTRUMENT>user
<GENERATOR-RANGE1>0.4
<GENERATOR-RANGE2>20
<GENERATOR-RANGEUNIT>um
<GENERATOR-RESOLUTION>200
<GENERATOR-RESOLUTIONUNIT>RP
<GENERATOR-TELESCOPE>SINGLE
<GENERATOR-DIAMTELE>5.64
<GENERATOR-BEAM>1.0
<GENERATOR-BEAM-UNIT>diffrac
<GENERATOR-TELESCOPE1>1
<GENERATOR-TELESCOPE2>2.0
<GENERATOR-TELESCOPE3>1.0
<GENERATOR-NOISE>NO
<GENERATOR-NOISE1>1
<GENERATOR-NOISE2>1
<GENERATOR-NOISEOTEMP>300
<GENERATOR-NOISEOEFF>1
<GENERATOR-NOISEOEMIS>1
<GENERATOR-NOISETIME>60
<GENERATOR-NOISEFRAMES>12
<GENERATOR-NOISEPIXELS>1
<GENERATOR-TRANS-APPLY>N
<GENERATOR-TRANS-SHOW>N
<GENERATOR-TRANS>02-01
<GENERATOR-LOGRAD>N
<GENERATOR-GAS-MODEL>Y
<GENERATOR-CONT-MODEL>Y
<GENERATOR-CONT-STELLAR>N
<GENERATOR-RADUNITS>ppm
<GENERATOR-RESOLUTIONKERNEL>N
<GEOMETRY-TEMISSION>275.450
<OBJECT-SHAPE>Sphere
